0
1
2
3
4
5
6
7
8
9
10
11
12
13
14
15
16
17
18
19
20
21
22
23
24
25
26
27
28
29
30
31
32
33
34
35
36
37
38
39
40
41
42
43
44
45
46
47
48
49
50
51
52
53
54
55
56
57
58
59
60
61
62
63
64
65
66
67
68
69
70
71
72
73
74
75
76
77
78
79
80
81
82
83
84
85
86
87
88
89
90
91
92
93
94
95
96
97
98
99
100
101
102
103
104
105
106
107
108
109
110
111
112
113
114
115
116
117
118
119
120
121
122
123
147
179
698
699
700
701
702
703
704
705
706
707
708
709
710
711
712
713
714
715
716
717
718
719
720
721
722
723
724
725
726
727
729
730
731
732
733
734
735
736
737
738
739
740
741
742
743
745
746
747
748
749
750
751
752
753
754
755
756
757
758
759
760
761
762
763
764
765
766
767
768
769
770
771
772
773
774
775
776
777
778
779
780
781
782
783
784
785
786
787
788
789
790
791
792
793
794
795
796
797
798
799
800
801
802
803
804
805
806
807
808
809
810
811
812
813
814
815
816
817
818
819
820
821
822
823
824
825
826
827
828
829
830
831
832
833
834
835
836
837
838
839
840
841
842
843
844
845
846
847
848
849
850
851
852
853
854
855
856
857
858
859
860
861
862
863
864
865
866
867
868
869
870
871
872
873
874
875
876
877
878
879
880
881
882
883
884
885
886
887
888
889
890
891
892
893
894
895
896
897
898
899
900
901
902
903
904
905
906
907
908
909
910
911
912
913
914
915
916
917
918
919
920
921
922
923
924
925
926
927
928
929
930
931
932
933
934
935
936
937
938
939
940
941
942
943
944
945
946
947
948
949
950
951
952
953
954
955
956
957
958
959
960
961
962
963
964
965
966
967
968
969
970
971
972
973
974
975
976
977
978
979
980
981
982
983
984
985
986
987
988
989
990
991
992
993
994
995
996
997
998
999
1000
1001
1002
1003
1004
1005
1006
1007
1008
1009
1010
1011
1012
1013
1014
1015
1016
1017
1018
1019
1020
1021
1022
1023
1024
1025
1026
1027
1028
1029
1030
1031
1032
1033
1034
1035
1036
1037
1038
1039
1040
1041
1042
1043
1044
1045
1046
1047
1048
1049
1050
1051
1052
1053
1054
1055
1056
1057
1058
1059
1060
1061
1062
1063
1064
1065
1066
1067
1068
1069
1070
1071
1072
1073
1074
1075
1076
1077
1078
1079
1080
1081
1082
1083
1084
1085
1086
1087
1088
1089
1090
1091
1092
1093
1094
1095
1096
1097
1098
1099
1100
1101
1102
1103
1104
1105
1106
1107
1108
1109
1110
1111
1112
1113
1114
1115
1116
1117
1118
1119
1120
1121
1122
1123
1124
1125
1126
1127
1128
1129
1130
1131
1132
1133
1134
1135
1136
1137
1138
1139
1140
1141
1142
1143
1144
1145
1146
1147
1148
1149
1150
1151
1152
1153
1154
1155
1156
1157
1158
1159
1160
1161
1162
1163
1164
1165
1166
1167
1168
1169
1170
1171
1172
1173
1174
1175
1176
1177
1178
1179
1180
1181
1182
1183
1184
1185
1186
1187
1188
1189
1190
1191
1192
1193
1194
1195
1196
1197
1198
1199
1200
1201
1202
1203
1204
1205
1206
1207
1208
1209
1210
1211
1212
1213
1214
1215
1216
1217
1218
1219
1220
1221
1222
1223
1224
1225
1226
1227
1228
1229
1230
1231
1232
1233
1234
1235
1236
1237
1238
1239
1240
1241
1242
1243
1244
1245
1246
1247
1248
1249
1250
1251
1252
1253
1254
1255
1256
1257
1258
1259
1260
1261
1262
1263
1264
1265
1266
1267
1268
1269
1270
1271
1272
1273
1274
1276
1277
1278
1279
1280
1281
1282
1283
1284
1285
1286
1287
1288
1289
1290
1291
1292
1293
1294
1295
1296
1297
1298
1299
1300
1301
1302
1303
1304
1305
1306
1307
1308
1309
1310
1311
1312
1313
1314
1315
1316
1317
1318
1319
1320
1321
1322
1323
1324
1325
1326
1327
1328
1329
1330
1331
1332
1333
1334
1335
1336
1337
1338
1339
1340
1341
1342
1343
1344
1345
1346
1347
1348
1349
1350
1351
1352
1353
1354
1355
1356
1357
1358
1359
1360
1361
1362
1363
1364
1365
1366
1367
1368
1369
1370
1371
1372
1373
1374
1375
1376
1377
1378
1379
1380
1381
1382
1383
1384
1385
1386
1387
1388
1389
1390
1391
1392
1393
1394
1395
1396
1397
1398
1399
1400
1401
1402
1403
1404
1405
1406
1407
1408
1409
1410
1411
1412
1413
1414
1415
1416
1417
1418
1419
1420
1421
1422
1423
1424
1425
1426
1427
1428
1429
1430
1431
1432
1433
1434
1435
1436
1437
1438
1439
1440
1441
1442
1443
1444
1445
1446
1447
1448
1449
1450
1451
1452
1453
1454
1455
1456
1457
1458
1459
1460
1461
1462
1463
1464
1465
1466
1467
1468
1469
1470
1471
1472
1473
1474
1475
1476
1477
1478
1479
1480
1481
1482
1483
1484
1485
1486
1487
1488
1489
1490
1491
1492
1493
1494
1495
1496
1497
1498
1499
1500
1501
1502
1503
1504
1505
1506
1507
1508
1509
1510
1511
1512
1513
1514
1515
1516
1517
1518
1519
1520
1521
1522
1523
1524
1525
1526
1527
1528
1529
1530
1531
1532
1533
1534
1535
1536
1537
1538
1539
1540
1541
1542
1543
1544
1545
1546
1547
1548
1549
1550
1551
1552
1553
1554
1555
1556
1557
1558
1559
1560
1561
1562
1563
1564
1565
1566
1567
1568
1569
1570
1571
1572
1573
1574
1575
1576
1580
1581
1582
1583
1584
1585
1586
1587
1588
1589
1590
1591
1592
1593
1594
1595
1596
1597
1598
1599
1600
1601
1602
1603
1604
1605
1606
1607
1608
1609
1610
1611
1612
1613
1614
1615
1616
1617
1618
1619
1620
1621
1622
1623
1624
1625
1626
1627
1628
1629
1630
1631
1632
1633
1634
1635
1636
1637
1638
1639
1640
1641
1642
1643
1644
1645
1646
1647
1648
1649
1650
1651
1652
1653
1654
1655
1656
1657
1658
1659
1660
1661
1662
1663
1664
1665
1666
1667
1668
1669
1670
1671
1672
1673
1674
1675
1676
1677
1678
1679
1680
1681
1682
1683
1684
1685
1686
1687
1688
1689
1690
1691
1692
1693
1694
1695
1696
1697
1698
1699
1700
1701
1702
1703
1704
1705
1706
1707
1708
1709
1710
1711
1712
1713
1714
1715
1716
1717
1718
1719
1720
1721
1722
1723
1724
1725
1726
1727
1728
1729
1730
1731
1732
1733
1734
1735
1736
1737
1738
1739
1740
1741
1742
1743
1744
1745
1746
1747
1748
1749
1750
1751
1752
1753
1754
1755
1756
1757
1758
1759
1760
1761
1762
1763
1764
1765
1766
1767
1768
1769
1770
1771
1772
1773
1774
1775
1776
1777
1778
1779
1780
1781
1782
1783
1784
1785
1786
1787
1788
1789
1790
1791
1792
1793
1794
1795
1796
1797
1798
1799
1800
1801
1802
1803
1804
1805
1806
1807
1808
1809
1810
1811
1812
1813
1814
1815
1816
1817
1818
1819
1820
1821
1822
1823
1824
1825
1826
1827
1828
1829
1830
1831
1832
1833
1834
1835
1836
1837
1838
1839
1840
1841
1842
1843
1844
1845
1846
1847
1848
1849
1850
1851
1852
1853
1854
1855
1856
1857
1858
1859
1860
1861
1862
1863
1864
1865
1866
1867
1868
1869
1870
1871
1872
1873
1874
1875
1876
1877
1878
1879
1880
1881
1882
1883
1884
1885
1886
1887
1888
1889
1890
1891
1892
1893
1894
1895
1896
1897
1898
1899
1900
1901
1902
1903
1904
1905
1906
1907
1908
1909
1910
1911
1912
1913
1914
1915
1916
1917
1918
1919
1920
1921
1922
1923
1924
1925
1926
1927
1928
1929
1930
1931
1932
1933
1934
1935
1936
1937
1938
1939
1940
1941
1942
1943
1944
1945
1946
1947
1948
1949
1950
1951
1952
1953
1954
1955
1956
2094
2095
2096
2097
2098
2099
2100
2101
2102
2103
2104
2105
2106
2107
2108
2109
2110
2111
2112
2113
2114
2119
2120
2121
2122
2123
2125
2127
2128
2129
2130
2131
2132
2133
2135
2136
2138
2139
2140
2141
2142
2143
2144
2145
2146
2148
2150
2151
2152
2154
2155
2157
2158
2159
2160
2161
2162
2163
2164
2168
2171
2172
2174
2175
2176
2177
2178
2179
2180
2181
2182
2183
2184
2185
2186
2187
2188
2189
2190
2191
2192
2193
2195
2196
2197
2198
2199
2200
2201
2202
2203
2205
2207
2208
2209
2210
2211
2212
2213
2215
2217
2218
2219
2220
2221
2222
2224
2225
2226
2227
2228
2229
2230
2231
2232
2233
2234
2235
2236
2237
2240
2241
2242
2243
2244
2245
2246
2247
2248
2249
2250
2251
2252
2253
2254
2255
2260
2261
2262
2263
2264
2265
2266
2267
2269
2270
2271
2272
2273
2274
2275
2276
2277
2278
2279
2280
2281
2282
2283
2284
2285
2286
2287
2288
2289
2290
2292
2297
2305
2306
2307
2308
2309
2310
2311
2312
2313
2314
2315
2316
2317
2318
2319
2320
2321
2322
2323
2324
2325
2326
2327
2328
2329
2330
2331
2332
2333
2334
2335
2336
2337
2338
2339
2340
2341
2342
2343
2344
2345
2346
2347
2348
2349
2353
2354
2355
2356
2357
2358
2359
2360
2361
2362
2363
2364
2365
2366
2367
2368
2369
2370
2371
2372
2373
2374
2375
2376
2377
2378
2379
2380
2381
2382
2383
2384
2385
2386
2387
2388
2389
2390
2391
2392
2393
2394
2395
2396
2397
2398
2406
2407
2408
2409
2410
2411
2412
2413
2414
2415
2416
2417
2418
2419
2420
2421
2422
2423
2424
2425
2426
2427
2428
2429
2430
2431
2432
2433
2434
2435
2436
2437
2438
2439
2440
2441
2442
2443
2444
2445
2446
2451
2454
2455
2456
2457
2458
2459
2460
2461
2462
2463
2464
2465
2466
2467
2468
2469
2470
2471
2472
2473
2474
2475
2476
2477
2478
2479
2480
2481
2482
2483
2484
2485
2486
2487
2488
2489
2490
2491
2492
2493
2494
2495
2496
2497
2498
2499
2500
2501
2502
2503
2504
2505
2506
2507
2508
2509
2510
2511
2513
2515
2516
2518
2519
2520
2521
2522
2523
2524
2525
2526
2527
2528
2529
2530
2531
2532
2533
2534
2535
2536
2537
2538
2539
2540
2541
2542
2543
2544
2545
2546
2547
2548
2549
2550
2551
2552
2553
2554
2555
2556
2557
2558
2559
2560
2563
2564
2565
2566
2567
2569
2570
2571
2572
2573
2574
2575
2576
2577
2578
2579
2580
2581
2582
2583
2584
2585
2591
2592
2593
2594
2595
2596
2597
2598
2599
2600
2601
2602
2603
2604
2605
2606
2607
2608
2609
2610
2611
2612
2613
2614
2615
2616
2617
2618
2619
2620
2621
2622
2623
2624
2625
2626
2627
2628
2629
2630
2631
2633
2634
2635
2636
2637
2638
2639
2640
2641
2642
2643
2644
2647
2648
2649
2650
2651
2652
2653
2654
2655
2656
2657
2658
2659
2660
2661
2662
2663
2664
2665
2666
2667
2668
2669
2670
2671
2672
2673
2674
2675
2676
2677
2678
2679
2680
2681
2682
2683
2684
2685
2687
2688
2689
2690
2691
2692
2693
2694
2695
2696
2697
2698
2699
2700
2701
2702
2703
2704
2705
2706
2707
2708
2709
2710
2711
2712
2713
2714
2715
2716
2717
2718
2720
2722
2724
2729
2731
2732
2733
2734
2735
2736
2737
2738
2739
2741
2744
2745
2746
2747
2748
2750
2753
2755
2756
2757
2758
2761
2762
2763
2764
2765
2766
2767
2768
2769
2770
2771
2772
2773
2774
2778
2779
2780
2781
2782
2783
2785
2786
2787
2790
2791
2792
2793
2794
2795
2796
2797
2798
2800
2801
2804
2805
2806
2807
2808
2809
2810
2811
2812
2813
2814
2815
2816
2817
2818
2819
2820
2821
2822
2823
2824
2825
2826
2827
2828
2831
2833
2834
2835
2836
2837
2838
2839
2840
2843
2845
2846
2847
2848
2849
2850
2851
2852
2853
2854
2855
2857
2858
2859
2860
2861
2862
2863
2867
2868
2869
2870
2871
2872
2873
2874
2875
2876
2877
2878
2879
2881
2882
2883
2884
2885
2886
2887
2888
2889
2890
2891
2892
2893
2897
2899
2900
2901
2902
2903
2904
2905
2906
2907
2908
2909
2910
2913
2914
2915
2916
2917
2918
2919
2920
2921
2922
2923
2924
2925
2926
2927
2929
2930
2931
2932
2933
2934
2935
2936
2937
2938
2939
2940
2941
2942
2943
2944
2945
2946
2947
2948
2949
2950
2951
2952
2953
2954
2955
2956
2957
2958
2959
2960
2961
2962
2963
2964
2965
2966
2967
2968
2969
2970
2971
2972
2973
2976
2977
2979
2980
2981
2982
2983
2984
2985
2986
2987
2988
2989
2990
2991
2992
2993
2994
2995
2996
2997
2999
3000
3001
3002
3003
3004
3005
3006
3007
3008
3009
3010
3011
3012
3013
3014
3015
3016
3017
3018
3019
3020
3021
3022
3023
3024
3025
3026
3027
3028
3029
3030
3031
3032
3033
3034
3035
3036
3037
3038
3039
3040
3041
3042
3043
3044
3045
3046
3047
3048
3049
3050
3051
3052
3053
3054
3055
3056
3058
3059
3061
3062
3063
3064
3065
3066
3067
3068
3069
3070
3071
3072
3073
3074
3075
3076
3077
3078
3079
3080
3081
3082
3083
3084
3085
3088
3089
3090
3091
3092
3093
3095
3096
3097
3098
3099
3101
3102
3104
3105
3106
3109
3110
3111
3112
3113
3114
3115
3116
3117
3118
3119
3120
3121
3122
3123
3124
3125
3126
3127
3128
3131
3132
3135
3136
3137
3138
3140
3141
3142
3143
3144
3145
3146
3147
3148
3149
3152
3153
3154
3155
3156
3157
3158
3159
3160
3161
3162
3163
3164
3165
3168
3169
3170
3171
3172
3173
3174
3175
3176
3177
3178
3179
3180
3182
3183
3184
3185
3186
3187
3188
3189
3190
3191
3192
3193
3194
3195
3196
3197
3198
3199
3200
3201
3202
3203
3204
3205
3206
3207
3208
3209
3210
3211
3212
3213
3214
3215
3216
3218
3219
3220
3221
3222
3223
3224
3225
3226
3227
3228
3229
3230
3231
3232
3233
3234
3235
3238
3239
3240
3241
3242
3243
3244
3245
3246
3247
3248
3249
3250
3251
3252
3253
3254
3255
3256
3257
3258
3259
3260
3261
3262
3263
3264
3265
3266
3267
3268
3269
3270
3271
3272
3273
3274
3275
3276
3277
3278
3279
3280
3281
3282
3283
3294
3295
3296
3297
3298
3299
3300
3301
3302
3303
3304
3305
3306
3307
3308
3309
3310
3311
3312
3313
3314
3315
3316
3317
3318
3319
3320
3321
3322
3323
3324
3325
3326
3327
3328
3329
3330
3331
3332
3333
3334
3335
3336
3337
3338
3345
3346
3347
3348
3349
3350
3351
3352
3353
3354
3355
3356
3357
3358
3359
3360
3361
3362
3363
3364
3365
3366
3367
3368
3369
3370
3371
3372
3373
3374
3375
3376
3377
3378
3379
3380
3381
3382
3383
3384
3386
3387
3388
3402
3403
3404
3405
3406
3407
3408
3409
3410
3411
3412
3413
3414
3415
3416
3417
3418
3419
3420
3421
3422
3423
3424
3425
3426
3427
3428
3429
3430
3431
3432
3433
3434
3435
3436
3437
3438
3439
3440
3442
3446
3448
3449
3450
3451
3452
3453
3454
3455
3456
3457
3458
3459
3460
3461
3462
3463
3464
3465
3466
3467
3468
3469
3470
3471
3472
3473
3474
3475
3476
3477
3478
3479
3480
3481
3482
3483
3484
3485
3486
3487
3488
3489
3490
3491
3492
3493
3494
3500
3501
3505
3510
3511
3512
3513
3514
3515
3516
3517
3518
3519
3520
3521
3522
3523
3524
3525
3526
3527
3528
3529
3530
3531
3532
3533
3534
3535
3536
3537
3538
3539
3540
3541
3542
3543
3544
3545
3546
3547
3548
3549
3550
3551
3552
3553
3554
3556
3559
3563
3564
3565
3566
3567
3568
3569
3570
3571
3572
3573
3574
3575
3576
3577
3578
3579
3580
3581
3582
3583
3584
3585
3586
3587
3588
3589
3590
3591
3592
3593
3594
3595
3596
3597
3598
3599
3600
3609
3610
3611
3612
3613
3614
3615
3616
3617
3618
3619
3620
3621
3622
3623
3624
3625
3626
3627
3628
3629
3630
3631
3632
3633
3634
3635
3636
3637
3638
3639
3640
3642
3643
3644
3651
3652
3653
3654
3655
3656
3657
3658
3659
3660
3661
3662
3663
3664
3665
3666
3667
3668
3669
3670
3671
3672
3673
3674
3675
3676
3677
3678
3679
3680
3681
3682
3683
3684
3685
3686
3687
3688
3689
3692
3693
3694
3695
3696
3697
3698
3699
3700
3701
3702
3703
3704
3705
3706
3707
3708
3709
3710
3711
3712
3713
3714
3715
3718
3719
3720
3721
3722
3723
3724
3725
3726
3727
3728
3729
3732
3733
3734
3735
3736
3737
3738
3739
3740
3743
3744
3745
3746
3747
3748
3749
3750
3751
3752
3754
3755
3756
3757
3758
3759
3760
3761
3762
3764
3765
3766
3767
3768
3769
3770
3771
3772
3773
3774
3776
3778
3779
3780
3781
3782
3783
3784
3785
3786
3787
3788
3789
3790
3791
3792
3793
3794
3795
3796
3797
3798
3799
3800
3801
3804
3805
3806
3807
3808
3810
3811
3812
3813
3814
3815
3816
3818
3819
3820
3821
3822
3823
3824
3825
3827
3828
3829
3830
3831
3833
3834
3835
3836
3837
3838
3839
3840
3841
3842
3843
3844
3845
3846
3847
3848
3850
3853
3854
3855
3856
3857
3858
3859
3860
3861
3862
3863
3864
3865
3866
3867
3868
3869
3871
3872
3879
3881
3882
3883
3884
3885
3886
3887
3888
3889
3890
3891
3892
3893
3894
3895
3896
3897
3898
3899
3900
3901
3902
3903
3904
3905
3906
3909
3910
3911
3914
3916
3917
3918
3919
3920
3921
3922
3923
3924
3925
3926
3927
3928
3929
3930
3931
3932
3934
3935
3940
3945
3946
3947
3948
3949
3950
3951
3952
3953
3955
3956
3957
3958
3959
3960
3961
3962
3963
3964
3969
3970
3971
3972
3973
3974
3975
3976
3979
3980
3981
3982
3983
3984
3985
3986
3987
3988
3989
3990
3991
3992
3993
3994
3995
3996
3997
3998
3999
4000
4001
4002
4003
4004
4005
4010
4012
4013
4014
4015
4016
4017
4018
4019
4020
4021
4022
4023
4024
4025
4026
4027
4028
4029
4030
4031
4032
4033
4034
4035
4036
4038
4039
4040
4044
4045
4046
4047
4048
4049
4050
4051
4052
4053
4054
4055
4056
4057
4058
4059
4060
4061
4062
4063
4064
4065
4066
4067
4068
4069
4070
4074
4076
4077
4078
4079
4080
4081
4082
4083
4084
4085
4086
4087
4088
4089
4090
4091
4092
4093
4094
4095
4096
4097
4098
4100
4101
4105
4106
4107
4108
4109
4110
4111
4112
4113
4114
4116
4117
4118
4119
4120
4121
4123
4124
4125
4126
4127
4128
4129
4130
4131
4132
4133
4134
4136
4137
4138
4139
4140
4141
4142
4143
4144
4145
4146
4147
4148
4149
4150
4151
4152
4153
4154
4156
4157
4158
4159
4160
4161
4162
4163
4164
4166
4167
4168
4169
4170
4171
4172
4173
4174
4176
4178
4180
4181
4182
4183
4185
4186
4187
4188
4189
4190
4191
4192
4193
4194
4195
4196
4198
4199
4200
4201
4202
4203
4204
4205
4206
4207
4208
4209
4210
4212
4213
4217
4218
4221
4222
4223
4224
4225
4228
4229
4230
4231
4232
4233
4234
4236
4237
4238
4239
4240
4241
4242
4243
4244
4245
4246
4247
4248
4249
4250
4251
4252
4253
4254
4255
4256
4257
4258
4259
4260
4262
4263
4264
4265
4269
4270
4271
4272
4273
4275
4276
4277
4278
4279
4280
4281
4282
4283
4284
4285
4286
4287
4288
4289
4290
4294
4295
4296
4297
4298
4299
4300
4301
4302
4303
4304
4305
4306
4307
4308
4309
4310
4311
4312
4313
4314
4315
4316
4317
4318
4319
4320
4321
4322
4323
4324
4325
4326
4327
4328
4329
4330
4331
4332
4333
4334
4335
4336
4337
4338
4339
4340
4341
4342
4343
4344
4345
4346
4347
4348
4349
4350
4351
4352
4353
4354
4359
4361
4362
4363
4364
4365
4366
4367
4368
4369
4370
4371
4372
4373
4374
4375
4377
4378
4383
4384
4385
4386
4387
4389
4390
4391
4392
4393
4394
4395
4396
4397
4398
4399
4400
4401
4402
4403
4404
4405
4406
4407
4408
4409
4410
4411
4412
4413
4415
4416
4418
4422
4423
4424
4425
4426
4427
4429
4430
4432
4433
4434
4435
4436
4437
4438
4439
4440
4441
4442
4443
4444
4445
4446
4447
4448
4449
4450
4451
4452
4454
4455
4456
4457
4458
4459
4460
4461
4462
4463
4464
4465
4466
4467
4468
4469
4470
4471
4472
4473
4474
4477
4478
4479
4480
4481
4482
4483
4484
4485
4486
4487
4488
4489
4490
4491
4492
4493
4494
4498
4499
4500
4501
4502
4503
4504
4505
4506
4507
4508
4509
4510
4511
4512
4513
4514
4515
4516
4517
4518
4519
4520
4521
4522
4523
4524
4525
4526
4527
4528
4529
4530
4531
4532
4533
4534
4535
4536
4537
4538
4539
4540
4541
4543
4544
4545
4546
4547
4549
4550
4551
4552
4553
4555
4556
4557
4558
4559
4561
4562
4563
4564
4565
4567
4569
4570
4571
4572
4573
4574
4575
4576
4577
4578
4579
4580
4581
4582
4584
4585
4586
4587
4588
4589
4590
4591
4592
4593
4594
4595
4596
4597
4598
4599
4600
4601
4602
4603
4605
4608
4609
4610
4611
4612
4614
4616
4617
4618
4619
4620
4621
4622
4623
4624
4625
4628
4629
4630
4631
4632
4633
4634
4635
4636
4638
4639
4640
4641
4642
4643
4644
4645
4646
4647
4648
4649
4650
4651
4652
4653
4654
4655
4656
4657
4658
4659
4660
4661
4662
4663
4664
4665
4666
4667
4668
4669
4670
4671
4672
4673
4674
4675
4676
4677
4678
4681
4682
4683
4684
4685
4686
4687
4688
4689
4690
4691
4692
4693
4694
4695
4696
4697
4698
4699
4700
4701
4702
4704
4705
4707
4708
4711
4712
4713
4714
4716
4717
4718
4719
4720
4721
4722
4724
4725
4726
4727
4728
4729
4730
4731
4732
4733
4734
4736
4737
4738
4739
4740
4741
4743
4744
4745
4746
4747
4748
4749
4750
4751
4752
4753
4754
4756
4757
4758
4760
4761
4762
4763
4764
4765
4766
4768
4769
4770
4771
4772
4773
4774
4775
4776
4777
4778
4779
4780
4781
4783
4786
4787
4788
4789
4790
4791
4793
4794
4795
4796
4797
4805
4807
4808
4809
4811
4812
4813
4814
4815
4816
4817
4818
4819
4820
4821
4822
4823
4824
4825
4826
4827
4828
4835
4836
4837
4838
4839
4840
4842
4843
4844
4845
4846
4847
4848
4849
4850
4851
4852
4853
4858
4859
4860
4861
4862
4863
4864
4865
4866
4867
4868
4869
4870
4872
4875
4878
4879
4880
4881
4882
4884
4885
4886
4887
4888
4889
4890
4891
4892
4893
4894
4895
4896
4897
4899
4900
4901
4902
4903
4904
4905
4906
4907
4908
4909
4914
4915
4916
4917
4918
4919
4920
4921
4923
4924
4925
4926
4927
4928
4929
4930
4931
4932
4933
4934
4935
4936
4937
4938
4940
4943
4945
4946
4947
4948
4949
4951
4953
4954
4955
4956
4958
4959
4961
4962
4963
4964
4965
4966
4967
4968
4970
4971
4972
4973
4974
4975
4976
4977
4978
4979
4980
4981
4983
4984
4985
4986
4987
4988
4989
4990
4991
4993
4994
4995
4996
4997
4998
4999
5000
5001
5002
5003
5004
5005
5006
5007
5008
5009
5010
5011
5012
5015
5016
5017
5018
5019
5020
5021
5022
5023
5024
5025
5027
5029
5030
5031
5032
5033
5034
5036
5037
5038
5039
5040
5041
5042
5043
5046
5047
5048
5049
5050
5052
5053
5054
5055
5056
5057
5058
5060
5061
5063
5065
5066
5069
5070
5071
5072
5074
5075
5076
5077
5079
5080
5081
5082
5083
5084
5085
5086
5087
5089
5090
5091
5092
5093
5094
5095
5096
5098
5099
5100
5101
5102
5105
5106
5107
5108
5109
5110
5111
5112
5113
5114
5115
5116
5117
5118
5119
5120
5121
5122
5123
5124
5125
5126
5127
5128
5129
5130
5131
5132
5133
5134
5135
5136
5137
5138
5139
5140
5141
5142
5143
5144
5145
5146
5147
5148
5149
5150
5151
5152
5153
5154
5155
5156
5157
5158
5159
5160
5162
5163
5164
5165
5166
5167
5168
5173
5174
5175
5177
5178
5179
5182
5183
5184
5185
5186
5187
5188
5189
5190
5191
5192
5193
5194
5195
5196
5197
5198
5199
5200
5201
5202
5203
5205
5207
5208
5209
5210
5211
5213
5214
5215
5216
5217
5218
5219
5220
5222
5223
5224
5225
5226
5227
5228
5229
5230
5231
5232
5233
5234
5235
5236
5237
5238
5239
5240
5241
5242
5243
5244
5245
5246
5247
5248
5249
5250
5251
5252
5253
5254
5255
5256
5257
5258
5260
5261
5262
5263
5264
5266
5267
5268
5269
5270
5271
5272
5273
5274
5275
5276
5277
5278
5279
5280
5281
5282
5283
5284
5285
5286
5287
5288
5289
5290
5291
5292
5294
5295
5296
5297
5298
5299
5300
5301
5302
5303
5304
5305
5307
5308
5309
5310
5311
5312
5313
5314
5315
5316
5317
5318
5320
5321
5322
5323
5324
5325
5326
5327
5329
5330
5332
5333
5334
5335
5336
5337
5338
5339
5340
5341
5342
5343
5344
5345
5346
5347
5348
5349
5350
5351
5352
5353
5354
5355
5356
5357
5358
5359
5360
5362
5363
5364
5365
5366
5367
5368
5369
5370
5371
5372
5373
5374
5375
5376
5377
5378
5379
5380
5382
5383
5384
5385
5386
5387
5388
5389
5392
5393
5394
5395
5396
5397
5398
5399
5400
5402
5403
5404
5405
5406
5407
5408
5409
5414
5415
5417
5418
5419
5421
5422
5423
5424
5426
5427
5428
5429
5430
5431
5432
5433
5434
5436
5439
5440
5441
5442
5443
5444
5445
5446
5447
5448
5449
5450
5451
5452
5453
5454
5456
5464
5466
5467
5468
5469
5470
5471
5472
5473
5474
5475
5476
5477
5478
5479
5480
5482
5483
5485
5486
5487
5488
5489
5490
5491
5493
5495
5496
5498
5500
5506
5507
5508
5509
5511
5512
5513
5514
5515
5516
5517
5518
5519
5521
5522
5523
5524
5526
5528
5529
5530
5531
5532
5533
5534
5535
5536
5537
5538
5539
5540
5541
5542
5543
5546
5554
5556
5557
5558
5559
5560
5562
5563
5564
5565
5566
5568
5569
5570
5571
5572
5573
5574
5575
5576
5577
5578
5579
5580
5581
5582
5583
5584
5585
5586
5591
5592
5593
5594
5595
5596
5597
5598
5599
5602
5603
5604
5605
5606
5607
5608
5609
5610
5611
5612
5613
5615
5616
5617
5618
5619
5620
5621
5622
5623
5624
5625
5626
5627
5628
5629
5630
5631
5633
5635
5636
5638
5644
5645
5646
5647
5648
5649
5650
5651
5652
5653
5654
5655
5656
5658
5659
5660
5662
5663
5664
5665
5666
5667
5668
5669
5670
5671
5672
5673
5674
5675
5676
5677
5678
5679
5683
5684
5685
5686
5691
5692
5693
5694
5695
5696
5697
5698
5699
5700
5701
5702
5703
5704
5705
5706
5707
5708
5709
5710
5713
5715
5716
5717
5720
5721
5722
5723
5724
5726
5727
5728
5730
5731
5732
5733
5734
5735
5736
5737
5738
5739
5740
5741
5744
5746
5747
5748
5749
5750
5752
5753
5754
5755
5756
5757
5758
5759
5760
5762
5763
5764
5766
5767
5770
5771
5772
5773
5774
5775
5776
5777
5778
5782
5785
5787
5788
5790
5791
5793
5794
5795
5797
5798
5799
5800
5801
5802
5803
5804
5805
5808
5810
5811
5813
5814
5816
5817
5821
5825
5827
5828
5829
5830
5832
5833
5834
5835
5836
5837
5838
5839
5841
5842
5843
5844
5846
5847
5848
5850
5851
5852
5853
5854
5855
5859
5860
5861
5862
5863
5864
5865
5866
5869
5870
5871
5872
5875
5876
5877
5878
5879
5880
5881
5882
5883
5884
5885
5887
5888
5889
5890
5891
5892
5893
5894
5895
5896
5897
5898
5899
5900
5902
5903
5904
5905
5906
5907
5908
5909
5910
5911
5913
5914
5915
5918
5919
5927
5928
5929
5931
5932
5933
5934
5935
5937
5938
5939
5940
5941
5942
5943
5946
5947
5949
5950
5951
5952
5953
5954
5955
5956
5957
5958
5960
5961
5963
5970
5971
5973
5974
5977
5979
5980
5981
5982
5983
5984
5985
5986
5987
5989
5990
5991
5992
5993
5994
5995
5996
5997
5998
5999
6000
6001
6002
6003
6004
6005
6006
6007
6008
6009
6010
6011
6012
6013
6014
6016
6017
6026
6027
6028
6029
6030
6031
6032
6033
6034
6035
6036
6037
6041
6042
6043
6044
6046
6047
6048
6049
6050
6051
6052
6053
6054
6057
6058
6059
6060
6061
6066
6073
6074
6075
6076
6078
6082
6083
6084
6085
6087
6088
6089
6090
6091
6092
6093
6094
6096
6097
6098
6099
6100
6101
6102
6103
6104
6105
6106
6107
6109
6110
6111
6115
6117
6118
6119
6120
6121
6122
6123
6124
6126
6127
6128
6129
6130
6131
6132
6133
6134
6135
6136
6137
6138
6139
6140
6141
6142
6143
6144
6145
6146
6147
6148
6149
6151
6152
6153
6156
6157
6158
6159
6160
6161
6162
6163
6164
6165
6166
6167
6168
6169
6170
6171
6172
6175
6177
6181
6183
6184
6185
6186
6187
6188
6189
6190
6193
6194
6195
6196
6197
6198
6199
6200
6202
6203
6204
6207
6208
6209
6211
6213
6214
6216
6217
6220
6221
6222
6223
6224
6225
6226
6227
6228
6235
6236
6237
6240
6241
6242
6243
6244
6245
6247
6248
6249
6252
6253
6255
6257
6259
6260
6261
6263
6264
6266
6267
6268
6269
6271
6272
6273
6276
6277
6278
6281
6286
6289
6291
6292
6294
6295
6296
6297
6298
6299
6300
6301
6303
6304
6305
6307
6308
6309
6311
6314
6315
6317
6318
6320
6321
6322
6325
6327
6328
6329
6333
6334
6335
6336
6337
6338
6341
6342
6344
6345
6346
6349
6350
6351
6352
6353
6354
6355
6356
6357
6358
6359
6360
6364
6366
6367
6368
6369
6370
6372
6373
6374
6375
6376
6377
6378
6379
6380
6381
6383
6384
6386
6387
6389
6390
6391
6393
6394
6395
6396
6397
6398
6399
6400
6402
6404
6405
6406
6407
6408
6409
6410
6411
6413
6414
6416
6417
6418
6419
6420
6423
6426
6429
6430
6432
6434
6435
6436
6437
6438
6439
6442
6443
6444
6446
6447
6448
6449
6450
6452
6453
6456
6457
6458
6459
6460
6461
6462
6463
6464
6467
6469
6470
6473
6474
6475
6476
6478
6479
6480
6481
6482
6483
6486
6487
6488
6489
6490
6492
6493
6494
6495
6496
6497
6498
6499
6500
6501
6503
6504
6506
6507
6509
6510
6512
6514
6515
6516
6518
6519
6521
6522
6523
6524
6525
6528
6530
6531
6532
6533
6534
6536
6537
6538
6539
6540
6541
6545
6546
6547
6548
6549
6550
6551
6554
6555
6557
6558
6559
6560
6561
6562
6563
6564
6565
6566
6567
6568
6570
6571
6572
6573
6575
6576
6577
6579
6582
6583
6584
6585
6586
6587
6588
6589
6590
6591
6592
6595
6596
6597
6599
6600
6604
6605
6608
6609
6610
6611
6612
6613
6614
6615
6616
6617
6618
6619
6620
6621
6622
6624
6625
6626
6627
6631
6632
6633
6634
6635
6636
6637
6638
6639
6640
6641
6642
6643
6644
6645
6646
6647
6648
6649
6650
6652
6653
6654
6655
6657
6660
6661
6662
6663
6666
6667
6668
6669
6670
6672
6677
6678
6679
6680
6681
6682
6683
6684
6685
6686
6687
6689
6690
6691
6692
6693
6694
6695
6697
6698
6699
6701
6702
6703
6704
6705
6706
6707
6708
6709
6710
6711
6713
6714
6717
6718
6719
6721
6722
6723
6724
6725
6726
6727
6729
6730
6731
6732
6733
6734
6736
6737
6739
6741
6742
6744
6745
6746
6747
6749
6750
6751
6752
6753
6754
6755
6756
6757
6758
6759
6760
6763
6764
6766
6767
6768
6769
6770
6771
6772
6773
6774
6776
6778
6779
6780
6782
6783
6784
6785
6786
6788
6789
6790
6791
6792
6793
6794
6795
6796
6798
6800
6801
6802
6804
6805
6806
6807
6808
6809
6810
6811
6812
6813
6814
6815
6816
6817
6818
6820
6822
6823
6824
6825
6826
6827
6828
6829
6830
6831
6832
6833
6834
6835
6836
6838
6841
6842
6843
6845
6849
6850
6851
6852
6853
6855
6856
6857
6858
6859
6860
6861
6862
6864
6865
6866
6867
6868
6869
6870
6871
6872
6873
6874
6875
6878
6879
6880
6881
6882
6883
6884
6885
6886
6887
6888
6889
6890
6891
6892
6893
6894
6895
6896
6897
6899
6900
6901
6902
6904
6905
6906
6908
6909
6910
6911
6912
6913
6914
6915
6916
6918
6919
6920
6928
6929
6930
6931
6932
6933
6934
6935
6936
6937
6938
6940
6941
6942
6943
6944
6945
6946
6947
6948
6949
6950
6952
6953
6954
6955
6956
6957
6958
6960
6961
6962
6963
6964
6965
6968
6970
6971
6972
6973
6975
6976
6977
6978
6979
6980
6981
6982
6983
6984
6985
6987
6989
6991
6992
6995
6996
6997
6998
7000
7010
7011
7012
7013
7017
7018
7019
7020
7021
7022
7023
7024
7025
7026
7027
7028
7029
7030
7031
7032
7035
7036
7037
7038
7039
7041
7042
7043
7044
7045
7046
7047
7048
7050
7052
7053
7055
7056
7057
7058
7059
7060
7062
7063
7064
7065
7069
7073
7076
7078
7079
7080
7081
7082
7083
7084
7085
7086
7087
7088
7089
7090
7092
7093
7094
7095
7096
7100
7103
7104
7105
7106
7107
7108
7109
7110
7111
7112
7113
7114
7115
7116
7117
7118
7121
7122
7123
7124
7125
7126
7127
7129
7130
7131
7136
7139
7140
7141
7142
7143
7144
7145
7146
7147
7148
7149
7150
7151
7152
7153
7155
7156
7157
7158
7159
7161
7162
7164
7165
7166
7167
7168
7169
7170
7171
7173
7174
7177
7178
7180
7181
7182
7183
7184
7185
7186
7188
7189
7190
7191
7192
7193
7194
7195
7196
7197
7198
7200
7201
7202
7206
7207
7209
7211
7212
7213
7214
7215
7216
7217
7218
7220
7222
7224
7225
7226
7228
7229
7230
7232
7234
7235
7236
7237
7238
7240
7241
7242
7243
7244
7245
7246
7248
7249
7250
7251
7252
7253
7254
7255
7256
7257
7258
7259
7261
7262
7263
7264
7265
7266
7267
7268
7271
7272
7276
7277
7278
7279
7280
7281
7282
7284
7286
7287
7289
7293
7294
7295
7298
7300
7301
7302
7304
7305
7306
7308
7310
7311
7313
7314
7316
7317
7319
7321
7322
7323
7324
7325
7326
7327
7328
7331
7332
7333
7339
7341
7342
7343
7346
7347
7349
7350
7351
7355
7357
7358
7359
7360
7361
7362
7363
7365
7366
7367
7368
7369
7370
7371
7373
7374
7375
7376
7377
7378
7379
7380
7382
7383
7384
7385
7388
7389
7390
7391
7392
7393
7394
7395
7396
7397
7400
7401
7402
7403
7404
7405
7406
7407
7409
7410
7412
7416
7417
7418
7419
7421
7422
7424
7425
7427
7431
7432
7433
7434
7435
7436
7437
7438
7440
7441
7442
7443
7448
7449
7450
7451
7452
7453
7454
7456
7457
7458
7461
7462
7463
7464
7465
7466
7468
7470
7471
7472
7473
7475
7476
7478
7479
7480
7481
7483
7484
7485
7486
7487
7488
7491
7492
7493
7494
7496
7497
7498
7502
7503
7504
7507
7508
7509
7510
7512
7513
7515
7516
7517
7518
7519
7521
7522
7523
7525
7526
7528
7529
7530
7532
7534
7537
7538
7539
7540
7541
7542
7543
7544
7545
7546
7548
7550
7551
7553
7554
7556
7557
7558
7559
7560
7561
7563
7564
7566
7567
7568
7569
7570
7571
7572
7573
7574
7575
7576
7578
7579
7580
7581
7584
7585
7586
7588
7589
7590
7591
7592
7593
7594
7595
7598
7599
7600
7601
7603
7607
7608
7609
7612
7613
7614
7615
7617
7618
7619
7623
7624
7625
7626
7627
7628
7629
7630
7631
7632
7634
7635
7636
7637
7638
7639
7640
7641
7643
7644
7645
7646
7649
7651
7652
7653
7654
7655
7657
7658
7659
7661
7663
7665
7666
7668
7669
7671
7674
7675
7676
7679
7683
7688
7691
7692
7693
7696
7699
7700
7701
7702
7703
7704
7707
7709
7711
7712
7716
7717
7718
7719
7720
7724
7725
7728
7729
7730
7731
7732
7733
7734
7735
7736
7737
7738
7739
7740
7741
7747
7748
7749
7750
7751
7752
7753
7754
7755
7756
7757
7758
7759
7760
7761
7762
7763
7764
7765
7768
7769
7770
7771
7772
7773
7774
7775
7777
7778
7779
7780
7781
7782
7783
7784
7785
7786
7787
7788
7790
7791
7792
7793
7794
7796
7797
7799
7800
7801
7802
7803
7804
7805
7806
7807
7808
7809
7810
7811
7812
7821
7824
7826
7827
7828
7831
7832
7833
7834
7835
7836
7837
7838
7839
7840
7842
7843
7844
7846
7847
7848
7849
7850
7851
7852
7853
7854
7855
7856
7857
7858
7859
7860
7862
7863
7864
7865
7866
7867
7868
7869
7870
7871
7872
7874
7875
7876
7877
7878
7879
7880
7890
7891
7893
7894
7895
7897
7898
7899
7900
7901
7903
7904
7905
7906
7907
7911
7912
7913
7914
7915
7916
7918
7919
7920
7921
7923
7924
7925
7926
7928
7929
7930
7931
7932
7933
7935
7936
7953
7954
7956
7957
7958
7960
7962
7963
7964
7965
7966
7967
7968
7969
7971
7972
7973
7975
7978
7979
7980
7982
7984
7986
7988
7989
7990
7992
7994
7996
7997
7998
7999
8000
8001
8002
8003
8004
8005
8012
8018
8020
8022
8023
8025
8026
8027
8028
8029
8030
8032
8033
8034
8035
8036
8037
8038
8039
8040
8041
8043
8044
8045
8046
8049
8050
8051
8052
8053
8055
8056
8057
8058
8059
8060
8061
8062
8063
8064
8065
8066
8067
8068
8070
8071
8072
8073
8074
8075
8076
8077
8078
8079
8080
8081
8082
8083
8085
8087
8088
8089
8090
8091
8092
8093
8098
8100
8101
8102
8103
8104
8106
8107
8108
8109
8110
8111
8112
8113
8114
8116
8117
8118
8119
8120
8121
8124
8126
8127
8128
8129
8130
8131
8133
8137
8138
8139
8142
8143
8144
8145
8146
8147
8148
8149
8150
8151
8152
8153
8154
8155
8156
8159
8160
8162
8163
8165
8166
8167
8169
8170
8172
8174
8175
8176
8182
8183
8185
8187
8188
8189
8191
8192
8193
8196
8197
8199
8200
8201
8202
8203
8204
8205
8206
8207
8208
8210
8211
8212
8215
8216
8218
8219
8221
8223
8224
8225
8226
8227
8228
8230
8231
8232
8233
8234
8235
8236
8237
8238
8240
8241
8242
8247
8250
8251
8254
8263
8264
8265
8266
8267
8269
8270
8272
8273
8274
8275
8276
8277
8278
8279
8280
8283
8285
8286
8287
8290
8291
8293
8294
8295
8296
8297
8299
8300
8301
8302
8305
8307
8308
8309
8310
8311
8313
8314
8315
8316
8317
8320
8322
8324
8325
8326
8327
8328
8329
8332
8338
8340
8341
8342
8345
8346
8347
8348
8349
8350
8351
8352
8353
8355
8356
8357
8359
8360
8361
8362
8363
8366
8370
8371
8372
8373
8374
8376
8377
8378
8379
8381
8382
8383
8385
8386
8387
8388
8389
8390
8391
8392
8393
8394
8398
8399
8400
8401
8402
8403
8404
8405
8407
8410
8411
8412
8413
8415
8416
8418
8420
8421
8422
8423
8425
8426
8427
8429
8435
8436
8437
8441
8442
8443
8444
8446
8449
8450
8451
8453
8454
8455
8456
8459
8460
8462
8463
8465
8466
8468
8469
8470
8471
8472
8474
8476
8477
8479
8481
8483
8484
8485
8486
8487
8488
8491
8492
8493
8494
8497
8498
8499
8501
8502
8505
8507
8509
8510
8513
8514
8515
8516
8517
8518
8519
8521
8522
8525
8527
8528
8531
8532
8533
8535
8537
8539
8540
8542
8543
8544
8545
8546
8547
8550
8551
8552
8553
8554
8556
8557
8558
8559
8560
8561
8562
8567
8568
8569
8570
8571
8572
8573
8574
8576
8577
8578
8579
8580
8589
8590
8591
8592
8593
8594
8596
8597
8598
8599
8600
8602
8603
8604
8606
8612
8616
8620
8621
8623
8624
8625
8626
8627
8629
8633
8634
8638
8639
8640
8641
8642
8643
8645
8647
8648
8649
8651
8652
8653
8655
8657
8658
8659
8660
8661
8662
8663
8664
8665
8666
8667
8670
8671
8672
8673
8674
8675
8677
8679
8680
8682
8683
8684
8685
8686
8687
8688
8689
8692
8697
8698
8700
8701
8702
8703
8705
8706
8708
8709
8710
8713
8714
8715
8717
8718
8721
8722
8723
8724
8725
8726
8727
8730
8731
8734
8735
8736
8737
8739
8740
8742
8743
8745
8746
8748
8749
8750
8751
8752
8753
8755
8756
8757
8759
8760
8762
8763
8764
8766
8767
8768
8770
8771
8772
8773
8774
8775
8778
8779
8782
8783
8784
8787
8788
8789
8791
8794
8795
8796
8797
8798
8799
8801
8802
8803
8805
8806
8807
8808
8809
8810
8811
8812
8813
8814
8815
8817
8818
8819
8821
8822
8824
8825
8826
8827
8828
8829
8830
8831
8832
8833
8834
8835
8836
8837
8838
8839
8843
8844
8845
8846
8847
8849
8850
8852
8853
8854
8856
8857
8858
8859
8860
8861
8862
8863
8864
8867
8869
8873
8874
8878
8879
8881
8885
8889
8890
8895
8896
8899
8900
8901
8903
8905
8908
8911
8912
8913
8914
8915
8916
8918
8921
8923
8924
8926
8929
8930
8931
8932
8934
8936
8938
8939
8940
8943
8946
8949
8950
8956
8957
8959
8960
8961
8962
8963
8964
8965
8966
8970
8972
8973
8975
8976
8980
8981
8983
8984
8985
8986
8987
8988
8989
8990
8991
8993
8995
8997
8998
8999
9000
9001
9002
9004
9005
9007
9008
9010
9011
9012
9013
9015
9016
9018
9019
9023
9024
9025
9027
9030
9031
9032
9033
9035
9036
9037
9039
9040
9041
9042
9045
9047
9048
9049
9050
9051
9052
9053
9055
9056
9057
9058
9061
9062
9063
9064
9065
9066
9067
9071
9072
9074
9075
9076
9077
9078
9080
9082
9083
9087
9089
9090
9091
9092
9096
9097
9098
9100
9102
9103
9106
9107
9108
9113
9114
9116
9117
9119
9120
9122
9123
9124
9125
9127
9128
9129
9130
9131
9132
9133
9134
9137
9138
9140
9141
9143
9144
9145
9146
9147
9148
9150
9151
9152
9153
9154
9156
9157
9160
9162
9163
9164
9165
9166
9167
9168
9169
9170
9171
9172
9173
9174
9176
9177
9184
9185
9188
9189
9190
9191
9192
9193
9194
9195
9196
9197
9198
9199
9200
9201
9202
9203
9204
9205
9206
9207
9209
9210
9211
9213
9214
9215
9216
9217
9220
9221
9222
9225
9227
9228
9229
9230
9231
9232
9233
9234
9235
9236
9237
9238
9240
9241
9242
9243
9245
9246
9247
9248
9249
9250
9253
9257
9259
9260
9261
9263
9264
9265
9267
9269
9272
9273
9276
9277
9278
9279
9280
9281
9282
9283
9284
9285
9287
9288
9289
9290
9291
9292
9294
9295
9296
9297
9298
9300
9302
9303
9307
9308
9310
9311
9314
9316
9317
9318
9319
9321
9322
9323
9325
9326
9327
9329
9330
9331
9333
9334
9335
9337
9338
9339
9342
9345
9346
9349
9350
9353
9354
9355
9357
9358
9359
9360
9362
9363
9365
9366
9367
9368
9369
9370
9371
9372
9373
9374
9375
9376
9379
9380
9381
9382
9383
9385
9386
9387
9388
9389
9390
9391
9392
9393
9395
9396
9397
9398
9399
9400
9401
9402
9403
9404
9406
9407
9408
9409
9410
9411
9412
9413
9415
9416
9417
9418
9419
9420
9421
9422
9423
9424
9425
9426
9427
9428
9429
9430
9431
9433
9434
9435
9437
9439
9440
9441
9442
9445
9446
9447
9448
9449
9450
9451
9455
9456
9457
9461
9462
9463
9464
9466
9472
9473
9474
9475
9476
9477
9478
9480
9481
9482
9483
9484
9485
9486
9487
9488
9489
9490
9493
9495
9496
9497
9498
9501
9503
9504
9505
9506
9507
9509
9511
9512
9513
9514
9515
9516
9517
9519
9521
9524
9525
9526
9527
9528
9529
9532
9533
9535
9536
9537
9538
9539
9540
9543
9544
9545
9546
9547
9548
9549
9552
9553
9554
9557
9558
9559
9560
9561
9562
9563
9564
9565
9566
9567
9568
9569
9570
9571
9574
9575
9577
9579
9580
9581
9582
9583
9584
9585
9586
9590
9591
9592
9593
9594
9595
9596
9597
9598
9599
9602
9605
9607
9608
9609
9611
9613
9614
9616
9617
9618
9619
9620
9622
9623
9624
9625
9626
9627
9628
9630
9632
9633
9634
9635
9636
9638
9640
9641
9642
9643
9645
9646
9648
9650
9651
9652
9653
9654
9655
9656
9657
9659
9660
9662
9663
9665
9668
9670
9671
9672
9674
9676
9677
9678
9680
9681
9683
9684
9685
9686
9687
9688
9689
9693
9695
9696
9697
9699
9700
9702
9703
9704
9705
9706
9707
9708
9709
9710
9712
9714
9716
9718
9719
9721
9723
9724
9726
9727
9728
9729
9730
9732
9734
9735
9736
9737
9738
9739
9743
9745
9746
9747
9748
9749
9751
9752
9753
9754
9756
9757
9758
9759
9761
9762
9766
9767
9768
9769
9770
9771
9772
9773
9774
9775
9776
9780
9781
9782
9783
9786
9787
9788
9791
9794
9795
9796
9797
9798
9799
9800
9801
9802
9803
9804
9805
9806
9807
9809
9810
9811
9815
9816
9818
9819
9820
9821
9824
9828
9829
9830
9831
9833
9836
9838
9842
9843
9844
9846
9847
9848
9850
9852
9853
9854
9856
9858
9859
9861
9862
9863
9864
9867
9868
9871
9877
9878
9880
9881
9882
9883
9884
9885
9886
9887
9888
9889
9890
9892
9893
9894
9895
9896
9897
9899
9900
9902
9905
9906
9912
9914
9915
9916
9918
9919
9920
9923
9924
9925
9926
9932
9934
9935
9936
9937
9938
9939
9944
9945
9947
9948
9950
9951
9952
9955
9962
9963
9964
9965
9968
9970
9971
9973
9979
9981
9982
9983
9984
9986
9988
9989
9990
9992
9993
9996
9997
9999
10003
10004
10007
10008
10009
10010
10011
10012
10013
10014
10015
10016
10017
10020
10021
10022
10023
10025
10026
10027
10028
10030
10031
10032
10033
10034
10039
10040
10041
10042
10043
10044
10046
10047
10048
10049
10050
10051
10053
10055
10056
10057
10058
10061
10062
10066
10067
10070
10071
10073
10074
10075
10077
10078
10079
10081
10083
10084
10086
10088
10089
10094
10095
10096
10097
10098
10101
10103
10105
10106
10108
10109
10110
10112
10113
10114
10115
10117
10118
10119
10120
10121
10122
10123
10124
10125
10126
10129
10130
10131
10132
10133
10134
10135
10138
10139
10140
10142
10143
10144
10145
10146
10147
10148
10149
10150
10151
10152
10153
10154
10156
10159
10160
10161
10162
10164
10165
10167
10170
10172
10173
10174
10175
10176
10177
10178
10181
10182
10184
10185
10186
10187
10188
10189
10191
10192
10193
10194
10196
10198
10199
10202
10204
10205
10206
10207
10208
10209
10212
10213
10214
10215
10216
10219
10220
10221
10222
10224
10225
10226
10227
10228
10229
10232
10233
10234
10235
10236
10238
10239
10240
10241
10242
10243
10244
10245
10246
10247
10248
10249
10250
10251
10252
10253
10254
10255
10258
10261
10263
10266
10267
10268
10269
10271
10272
10273
10274
10275
10276
10277
10278
10280
10281
10282
10283
10284
10285
10286
10287
10288
10290
10292
10293
10294
10295
10296
10297
10298
10299
10300
10301
10302
10303
10304
10305
10306
10307
10308
10309
10310
10311
10312
10313
10314
10317
10318
10319
10320
10322
10323
10324
10326
10327
10328
10329
10330
10331
10333
10335
10336
10338
10340
10342
10343
10344
10346
10347
10348
10349
10350
10351
10352
10353
10354
10355
10356
10357
10358
10360
10361
10366
10367
10368
10369
10370
10371
10372
10373
10374
10378
10379
10380
10382
10386
10387
10389
10391
10392
10393
10396
10398
10399
10401
10402
10404
10407
10408
10409
10410
10411
10412
10413
10414
10417
10418
10419
10420
10422
10423
10424
10425
10426
10427
10428
10429
10430
10431
10432
10433
10434
10436
10437
10438
10439
10440
10442
10444
10445
10446
10447
10448
10450
10452
10454
10455
10456
10458
10459
10462
10463
10464
10465
10466
10467
10468
10469
10470
10471
10472
10473
10475
10476
10477
10479
10484
10486
10487
10488
10489
10490
10492
10493
10494
10495
10496
10497
10498
10499
10500
10505
10507
10510
10511
10512
10513
10514
10515
10516
10517
10518
10519
10520
10521
10522
10523
10524
10526
10532
10534
10535
10538
10540
10541
10542
10543
10544
10545
10547
10548
10549
10550
10551
10552
10553
10554
10555
10556
10557
10563
10565
10566
10567
10568
10569
10571
10574
10575
10576
10577
10578
10579
10580
10581
10582
10586
10588
10589
10590
10591
10593
10594
10596
10597
10598
10600
10601
10602
10603
10607
10608
10609
10610
10611
10612
10614
10616
10618
10619
10620
10621
10623
10624
10625
10626
10627
10628
10629
10630
10631
10634
10635
10638
10639
10640
10641
10643
10644
10645
10646
10647
10649
10650
10651
10655
10656
10657
10658
10659
10662
10663
10664
10665
10667
10670
10671
10672
10673
10674
10676
10677
10678
10679
10680
10681
10682
10683
10684
10686
10687
10689
10690
10692
10693
10696
10699
10700
10701
10702
10703
10705
10706
10708
10709
10711
10712
10713
10714
10715
10716
10719
10720
10721
10722
10723
10724
10725
10728
10729
10730
10731
10732
10733
10734
10735
10736
10737
10738
10739
10740
10742
10743
10744
10745
10746
10748
10749
10750
10751
10752
10753
10754
10755
10756
10757
10758
10759
10760
10761
10762
10766
10767
10769
10770
10771
10772
10774
10776
10777
10778
10779
10780
10781
10782
10783
10784
10785
10786
10787
10788
10789
10790
10792
10793
10794
10795
10796
10797
10798
10799
10800
10801
10802
10803
10804
10805
10806
10808
10809
10810
10814
10815
10816
10817
10818
10819
10820
10821
10822
10825
10826
10827
10828
10829
10830
10831
10832
10833
10834
10835
10836
10837
10838
10839
10840
10841
10842
10843
10844
10845
10847
10848
10849
10850
10851
10852
10853
10854
10855
10856
10857
10860
10862
10863
10864
10865
10866
10867
10869
10870
10871
10873
10874
10876
10877
10879
10880
10881
10882
10883
10884
10886
10887
10888
10890
10891
10892
10893
10894
10895
10896
10897
10898
10899
10900
10901
10902
10903
10904
10905
10906
10907
10908
10909
10910
10911
10912
10913
10914
10915
10916
10917
10918
10920
10921
10922
10925
10926
10927
10928
10929
10930
10932
10933
10934
10935
10936
10938
10939
10941
10942
10943
10944
10945
10947
10948
10949
10950
10951
10952
10953
10954
10955
10957
10958
10959
10960
10961
10963
10964
10966
10967
10968
10970
10971
10972
10973
10974
10976
10977
10978
10979
10980
10981
10985
10986
10987
10989
10990
10992
10993
10994
10995
10996
10997
10998
10999
11000
11002
11003
11006
11007
11008
11009
11011
11012
11013
11014
11015
11016
11017
11019
11020
11022
11023
11024
11026
11028
11029
11030
11031
11032
11033
11035
11036
11037
11038
11040
11041
11042
11043
11044
11045
11046
11048
11049
11050
11052
11053
11055
11056
11057
11058
11059
11060
11061
11062
11063
11065
11070
11071
11073
11074
11075
11076
11078
11079
11080
11081
11082
11083
11085
11086
11087
11088
11089
11090
11091
11092
11093
11094
11096
11097
11098
11099
11114
11127
11188
11208
11246
11247
11249
11250
11251
11252
11254
11255
11256
11257
11262
11263
11264
11265
11266
11267
11268
11269
11271
11273
11274
11275
11277
11278
11279
11281
11282
11283
11284
11285
11286
11287
11288
11290
11291
11292
11293
11294
11297
11298
11299
11300
11304
11305
11306
11308
11309
11310
11311
11312
11313
11315
11316
11317
11318
11319
11320
11323
11325
11326
11328
11330
11331
11332
11335
11336
11337
11338
11340
11342
11343
11345
11346
11349
11351
11353
11355
11356
11358
11359
11361
11362
11363
11365
11367
11369
11370
11372
11374
11375
11378
11379
11380
11384
11386
11387
11388
11390
11391
11392
11393
11394
11396
11397
11399
11400
11401
11403
11404
11407
11408
11409
11410
11411
11412
11413
11414
11415
11416
11417
11418
11419
11420
11421
11422
11423
11424
11425
11426
11427
11428
11429
11430
11431
11432
11433
11434
11435
11436
11437
11438
11439
11441
11443
11445
11448
11449
11450
11452
11453
11454
11455
11456
11458
11459
11460
11461
11462
11465
11468
11474
11476
11477
11478
11480
11481
11482
11483
11486
11487
11488
11489
11490
11491
11492
11493
11494
11495
11496
11497
11498
11501
11502
11503
11504
11505
11506
11507
11508
11512
11514
11515
11517
11518
11519
11520
11523
11524
11527
11528
11529
11530
11531
11532
11534
11535
11536
11537
11540
11541
11542
11550
11551
11553
11555
11557
11558
11559
11560
11561
11564
11565
11566
11567
11568
11569
11570
11571
11573
11574
11575
11576
11578
11579
11586
11587
11588
11589
11590
11591
11592
11594
11596
11597
11598
11600
11601
11602
11605
11606
11607
11608
11609
11610
11611
11612
11622
11623
11624
11626
11627
11628
11631
11632
11634
11635
11636
11637
11639
11640
11641
11643
11647
11649
11653
11654
11656
11657
11658
11660
11662
11663
11664
11665
11666
11667
11669
11675
11678
11679
11680
11681
11682
11683
11684
11685
11686
11687
11688
11691
11693
11694
11695
11696
11699
11701
11702
11703
11704
11705
11707
11709
11710
11711
11713
11715
11716
11718
11719
11720
11721
11722
11724
11725
11726
11729
11730
11733
11734
11736
11737
11738
11739
11742
11743
11744
11745
11746
11747
11748
11749
11751
11752
11754
11755
11756
11757
11759
11760
11762
11764
11765
11766
11767
11768
11769
11770
11772
11773
11774
11775
11776
11778
11779
11781
11782
11784
11786
11789
11790
11791
11793
11794
11795
11796
11797
11798
11799
11800
11801
11802
11803
11805
11806
11807
11808
11810
11811
11812
11813
11815
11816
11818
11819
11820
11821
11822
11823
11824
11825
11827
11828
11831
11832
11833
11834
11835
11840
11841
11842
11843
11844
11845
11846
11847
11848
11853
11855
11856
11857
11859
11860
11861
11863
11868
11869
11870
11872
11873
11874
11875
11876
11877
11878
11880
11881
11883
11885
11886
11887
11891
11892
11893
11894
11896
11897
11899
11900
11901
11902
11903
11906
11907
11909
11911
11912
11913
11914
11916
11918
11919
11920
11921
11922
11923
11924
11925
11926
11927
11928
11929
11930
11931
11932
11933
11934
11935
11936
11937
11938
11940
11941
11942
11943
11944
11945
11946
11947
11948
11952
11962
11963
11964
11965
11966
11968
11970
11971
11972
11974
11975
11976
11977
11978
11979
11980
11981
11982
11983
11984
11985
11987
11988
11990
11991
11993
11994
11995
11996
11997
11999
12000
12001
12002
12003
12004
12005
12006
12007
12008
12009
12010
12012
12013
12019
12020
12021
12024
12025
12026
12028
12033
12036
12037
12038
12039
12040
12041
12042
12043
12044
12045
12046
12047
12048
12049
12050
12052
12053
12055
12057
12058
12059
12060
12061
12062
12063
12064
12065
12066
12067
12068
12069
12070
12071
12072
12073
12074
12096
12098
12099
12100
12102
12103
12104
12108
12109
12110
12111
12114
12115
12118
12119
12120
12121
12122
12123
12124
12125
12126
12127
12128
12129
12130
12134
12135
12136
12137
12138
12139
12141
12145
12152
12153
12154
12155
12157
12159
12161
12162
12164
12166
12167
12168
12169
12170
12172
12173
12175
12176
12178
12179
12185
12186
12187
12188
12189
12190
12191
12192
12194
12196
12197
12198
12200
12201
12204
12205
12206
12207
12208
12210
12211
12212
12213
12214
12215
12217
12223
12231
12232
12234
12236
12240
12242
12243
12245
12246
12251
12252
12253
12254
12257
12258
12259
12260
12261
12262
12263
12264
12265
12266
12270
12271
12272
12273
12274
12275
12276
12277
12278
12279
12280
12281
12282
12283
12284
12285
12286
12287
12288
12289
12290
12291
12292
12293
12298
12303
12304
12305
12308
12311
12313
12314
12316
12320
12321
12322
12325
12327
12328
12329
12330
12332
12333
12334
12335
12336
12337
12338
12339
12340
12341
12342
12343
12344
12345
12346
12347
12348
12349
12350
12352
12353
12354
12355
12356
12358
12366
12369
12371
12373
12374
12375
12376
12377
12379
12381
12383
12384
12385
12386
12388
12389
12390
12391
12393
12394
12398
12400
12401
12402
12404
12405
12406
12408
12409
12410
12411
12413
12414
12416
12417
12418
12419
12420
12421
12424
12425
12426
12427
12431
12432
12439
12441
12442
12443
12444
12447
12449
12450
12451
12452
12454
12455
12456
12457
12458
12459
12460
12461
12462
12463
12465
12466
12467
12468
12469
12470
12471
12472
12475
12476
12477
12478
12479
12481
12486
12488
12489
12490
12492
12493
12494
12495
12498
12499
12500
12501
12502
12503
12504
12505
12506
12509
12510
12511
12512
12515
12516
12517
12519
12520
12521
12523
12524
12526
12528
12529
12530
12531
12532
12533
12534
12535
12536
12537
12538
12539
12543
12545
12546
12547
12548
12549
12550
12551
12552
12554
12555
12560
12562
12563
12564
12565
12566
12567
12572
12574
12576
12577
12578
12579
12580
12583
12584
12585
12586
12587
12588
12591
12595
12596
12597
12599
12600
12601
12602
12603
12604
12605
12607
12608
12609
12610
12611
12613
12614
12616
12617
12618
12619
12620
12621
12622
12623
12624
12626
12629
12630
12635
12636
12639
12645
12646
12648
12650
12652
12653
12655
12657
12661
12663
12665
12666
12667
12668
12669
12670
12671
12672
12673
12674
12675
12676
12677
12678
12679
12680
12682
12684
12685
12688
12690
12692
12693
12695
12696
12697
12709
12710
12711
12712
12713
12714
12715
12716
12718
12720
12721
12724
12726
12727
12729
12730
12731
12732
12734
12735
12736
12738
12739
12740
12741
12742
12743
12744
12748
12749
12750
12752
12753
12754
12755
12756
12758
12760
12762
12763
12766
12768
12769
12771
12773
12774
12775
12776
12778
12779
12781
12782
12784
12787
12788
12789
12790
12799
12800
12801
12802
12803
12804
12806
12807
12808
12809
12810
12811
12812
12813
12814
12816
12817
12818
12819
12820
12821
12822
12823
12825
12826
12827
12829
12830
12832
12834
12836
12839
12840
12844
12845
12847
12848
12850
12852
12854
12855
12856
12857
12858
12859
12862
12866
12867
12868
12869
12870
12874
12876
12878
12879
12880
12884
12886
12887
12888
12889
12890
12891
12892
12893
12894
12898
12899
12901
12902
12904
12905
12907
12910
12914
12916
12917
12918
12919
12920
12921
12922
12923
12926
12929
12932
12933
12938
12939
12940
12942
12943
12948
12949
12950
12951
12952
12954
12955
12957
12962
12963
12965
12966
12967
12968
12969
12972
12974
12975
12976
12977
12978
12979
12981
12984
12989
12991
12993
12994
12996
12997
12998
13003
13004
13005
13006
13008
13009
13010
13012
13013
13014
13015
13016
13018
13019
13021
13023
13025
13026
13028
13029
13030
13032
13033
13034
13035
13036
13037
13038
13039
13041
13042
13043
13044
13046
13048
13049
13050
13054
13059
13060
13062
13063
13064
13066
13067
13070
13071
13072
13076
13077
13078
13079
13080
13081
13082
13084
13085
13086
13087
13088
13089
13090
13091
13093
13094
13095
13096
13097
13098
13099
13100
13101
13102
13103
13104
13105
13108
13109
13111
13114
13116
13117
13118
13119
13121
13122
13124
13125
13126
13127
13128
13129
13134
13136
13138
13140
13143
13144
13145
13146
13147
13148
13149
13150
13151
13152
13154
13155
13157
13158
13159
13163
13164
13166
13167
13169
13172
13174
13175
13176
13177
13178
13179
13180
13181
13183
13185
13186
13187
13188
13189
13190
13191
13192
13195
13196
13198
13199
13200
13201
13202
13204
13209
13210
13213
13214
13215
13216
13217
13218
13219
13221
13222
13223
13226
13227
13228
13231
13232
13233
13235
13236
13237
13239
13240
13241
13242
13244
13245
13247
13248
13250
13251
13252
13254
13258
13259
13260
13262
13263
13267
13268
13269
13272
13273
13275
13276
13279
13280
13281
13282
13283
13284
13287
13288
13290
13292
13293
13294
13296
13297
13298
13300
13301
13302
13303
13304
13305
13306
13307
13309
13310
13312
13313
13314
13315
13316
13317
13319
13321
13322
13323
13324
13325
13327
13329
13330
13331
13332
13333
13335
13336
13337
13338
13339
13340
13341
13342
13343
13345
13349
13350
13351
13352
13353
13356
13357
13358
13359
13360
13361
13362
13363
13364
13381
13383
13384
13385
13387
13388
13389
13395
13397
13398
13399
13400
13402
13405
13407
13408
13409
13411
13416
13417
13418
13419
13420
13421
13422
13423
13424
13425
13426
13427
13428
13429
13430
13431
13432
13433
13434
13435
13436
13438
13439
13440
13441
13442
13443
13444
13447
13448
13449
13451
13452
13453
13454
13456
13457
13458
13459
13461
13462
13464
13465
13466
13467
13468
13469
13470
13471
13472
13473
13474
13475
13477
13478
13479
13481
13482
13483
13484
13485
13486
13487
13488
13490
13491
13492
13493
13494
13495
13496
13497
13498
13499
13500
13501
13502
13503
13504
13505
13506
13507
13508
13509
13510
13511
13513
13514
13515
13516
13517
13518
13519
13520
13521
13522
13523
13524
13525
13526
13527
13528
13529
13530
13531
13532
13534
13535
13536
13537
13539
13541
13542
13543
13544
13545
13547
13548
13550
13551
13552
13553
13554
13555
13556
13557
13559
13560
13561
13562
13563
13564
13565
13566
13567
13568
13569
13570
13571
13572
13573
13574
13575
13576
13577
13579
13580
13581
13582
13583
13585
13586
13587
13588
13589
13590
13591
13592
13593
13594
13595
13596
13597
13598
13599
13601
13602
13603
13605
13607
13608
13610
13612
13613
13615
13616
13617
13618
13619
13620
13621
13622
13627
13629
13632
13633
13635
13637
13639
13640
13641
13642
13644
13645
13646
13648
13649
13652
13653
13654
13657
13658
13660
13661
13662
13663
13664
13665
13667
13668
13670
13672
13675
13676
13677
13678
13679
13680
13682
13683
13684
13685
13688
13689
13691
13693
13694
13695
13696
13697
13698
13699
13700
13701
13702
13703
13704
13705
13707
13708
13709
13710
13711
13857
13858
13861
13862
13863
13864
13866
13867
13868
13869
13870
13871
13872
13873
13875
13876
13877
13878
13879
13880
13881
13882
13883
13885
13886
13887
13889
13890
13891
13892
13893
13894
13900
13901
13902
13904
13905
13906
13907
13912
13914
13915
13916
13917
13918
13919
13921
13923
13924
13925
13928
13929
13930
13931
13932
13933
13934
13935
13936
13938
13939
13940
13941
13942
13943
13944
13945
13946
13947
13948
13949
13950
13951
13952
13953
13954
13955
13956
13957
13958
13960
13961
13962
13963
13964
13965
13966
13967
13968
13969
13970
13972
13973
13974
13975
13976
13977
13978
13979
13980
13981
13982
13984
13985
13986
13987
13988
13990
13992
13993
13995
13996
13998
13999
14000
14002
14003
14004
14005
14006
14007
14008
14010
14011
14012
14013
14015
14016
14017
14018
14019
14021
14022
14024
14025
14077
14091
14096
14097
14098
14100
14102
14103
14104
14105
14106
14107
14108
14111
14114
14115
14116
14117
14118
14121
14124
14125
14128
14130
14132
14133
14135
14138
14140
14141
14144
14146
14147
14149
14150
14152
14153
14154
14155
14157
14160
14161
14162
14163
14164
14165
14167
14168
14170
14172
14173
14174
14176
14177
14178
14180
14182
14184
14186
14187
14188
14190
14191
14193
14194
14195
14197
14198
14199
14200
14201
14202
14203
14208
14210
14211
14213
14216
14217
14219
14220
14224
14225
14226
14229
14231
14235
14236
14237
14238
14239
14240
14241
14244
14245
14247
14252
14253
14254
14255
14256
14257
14258
14259
14262
14264
14265
14266
14267
14269
14270
14271
14272
14273
14274
14275
14276
14277
14278
14282
14283
14286
14288
14289
14290
14291
14292
14293
14294
14295
14296
14297
14301
14303
14304
14305
14306
14307
14309
14311
14313
14314
14315
14319
14320
14321
14322
14324
14326
14327
14328
14329
14331
14332
14333
14334
14335
14336
14338
14339
14340
14342
14343
14346
14352
14353
14354
14355
14356
14357
14358
14359
14360
14362
14364
14365
14366
14367
14368
14370
14371
14372
14374
14376
14379
14380
14385
14386
14388
14390
14394
14395
14396
14397
14398
14399
14400
14401
14402
14403
14405
14406
14408
14410
14411
14412
14413
14415
14416
14418
14419
14420
14421
14422
14423
14424
14426
14427
14428
14429
14430
14431
14432
14434
14435
14436
14437
14438
14439
14440
14441
14443
14444
14445
14446
14447
14448
14449
14450
14451
14452
14453
14454
14455
14456
14457
14458
14459
14461
14462
14463
14464
14466
14467
14468
14469
14470
14472
14473
14477
14478
14479
14481
14482
14483
14537
14538
14539
14540
14541
14543
14544
14545
14546
14547
14550
14551
14552
14553
14554
14555
14557
14558
14559
14560
14561
14563
14564
14565
14566
14567
14568
14569
14573
14574
14575
14576
14577
14578
14579
14580
14581
14591
14592
14593
14594
14595
14596
14597
14598
14599
14600
14601
14602
14604
14605
14606
14607
14608
14609
14610
14611
14612
14614
14615
14616
14617
14618
14619
14620
14621
14624
14625
14626
14627
14628
14629
14630
14632
14633
14634
14635
14636
14637
14638
14639
14641
14642
14643
14644
14645
14646
14647
14650
14651
14652
14653
14654
14655
14656
14657
14658
14659
14660
14661
14662
14664
14665
14666
14667
14668
14669
14670
14672
14673
14674
14675
14676
14677
14678
14679
14680
14681
14682
14683
14685
14686
14687
14688
14689
14690
14691
14692
14693
14694
14695
14696
14697
14698
14699
14700
14701
14702
14704
14705
14706
14707
14708
14709
14710
14712
14713
14715
14716
14717
14718
14719
14720
14721
14723
14724
14725
14726
14727
14729
14730
14731
14734
14735
14736
14737
14738
14742
14743
14744
14745
14746
14747
14749
14750
14753
14754
14755
14756
14757
14758
14759
14760
14761
14765
14766
14768
14769
14770
14771
14772
14773
14774
14776
14782
14784
14785
14786
14788
14789
14790
14791
14792
14794
14795
14797
14798
14801
14803
14804
14805
14806
14810
14811
14812
14818
14819
14820
14821
14823
14825
14826
14827
14829
14830
14833
14836
14838
14839
14840
14841
14842
14843
14844
14846
14848
14850
14852
14853
14856
14858
14862
14863
14864
14865
14866
14867
14869
14871
14873
14874
14880
14883
14884
14885
14886
14887
14888
14889
14890
14891
14892
14894
14895
14896
14897
14898
14899
14900
14904
14905
14906
14907
14908
14909
14910
14912
14913
14914
14918
14919
14920
14921
14922
14923
14924
14925
14926
14927
14932
14933
14934
14935
14936
14937
14938
14939
14940
14942
14943
14944
14945
14946
14947
14948
14949
14953
14954
14956
14958
14961
14962
14963
14964
14965
14966
14967
14968
14969
14970
14971
14972
14973
14975
14977
14978
14979
14980
14982
14983
14984
14985
14986
14987
14988
14989
14990
14991
14993
14994
14995
14996
14997
14998
14999
15000
15001
15003
15004
15005
15006
15007
15008
15010
15011
15012
15013
15014
15015
15016
15017
15018
15021
15022
15024
15026
15027
15028
15029
15031
15032
15033
15035
15036
15037
15038
15039
15041
15042
15043
15044
15045
15046
15048
15050
15051
15052
15055
15056
15057
15058
15059
15060
15061
15062
15063
15065
15066
15067
15068
15069
15070
15071
15072
15073
15074
15075
15077
15078
15079
15083
15084
15085
15086
15088
15089
15090
15091
15092
15093
15096
15097
15098
15101
15102
15103
15104
15106
15107
15108
15109
15110
15112
15113
15114
15116
15117
15118
15119
15121
15122
15123
15124
15125
15126
15127
15128
15130
15131
15133
15136
15138
15141
15142
15143
15144
15145
15146
15147
15149
15150
15151
15152
15154
15155
15156
15157
15159
15160
15161
15162
15163
15164
15165
15166
15167
15168
15169
15170
15171
15172
15174
15175
15176
15177
15178
15180
15182
15183
15185
15186
15187
15188
15189
15191
15192
15193
15194
15196
15197
15199
15200
15201
15202
15204
15205
15206
15207
15208
15209
15210
15211
15212
15213
15214
15216
15217
15218
15219
15220
15221
15223
15229
15230
15231
15232
15233
15235
15237
15238
15239
15240
15241
15242
15243
15244
15247
15248
15249
15250
15251
15252
15253
15254
15255
15256
15257
15258
15259
15261
15262
15263
15264
15268
15269
15271
15272
15274
15275
15276
15277
15278
15279
15281
15282
15284
15285
15286
15287
15289
15290
15291
15293
15295
15298
15301
15302
15303
15304
15305
15306
15308
15309
15310
15311
15312
15313
15314
15316
15317
15318
15319
15320
15321
15322
15323
15324
15330
15331
15332
15333
15334
15337
15338
15339
15341
15342
15343
15344
15345
15346
15347
15348
15349
15350
15351
15354
15359
15362
15363
15364
15365
15366
15367
15368
15369
15370
15371
15373
15375
15377
15378
15379
15381
15383
15384
15386
15387
15388
15389
15390
15391
15392
15394
15395
15396
15397
15398
15399
15400
15401
15402
15404
15405
15407
15408
15409
15410
15412
15414
15587
15590
15623
15637
15643
15646
15652
15653
15654
15656
15657
15658
15659
15660
15661
15662
15663
15664
15666
15667
15668
15670
15671
15672
15673
15674
15675
15676
15677
15678
15679
15680
15681
15682
15683
15685
15686
15688
15690
15691
15692
15693
15694
15695
15696
15698
15700
15701
15702
15703
15704
15705
15706
15707
15708
15709
15710
15711
15712
15713
15714
15715
15716
15718
15719
15720
15721
15722
15723
15724
15725
15756
15775
15776
15777
15780
15781
15782
15783
15784
15785
15787
15788
15790
15791
15792
15796
15798
15799
15800
15801
15802
15803
15804
15805
15806
15813
15814
15815
15817
15818
15821
15823
15824
15825
15826
15827
15828
15829
15830
15831
15832
15833
15834
15838
15840
15842
15843
15844
15845
15846
15847
15848
15849
15850
15851
15852
15853
15854
15855
15856
15857
15858
15860
15861
15862
15863
15864
15865
15866
15867
15868
15871
15872
15873
15874
15875
15876
15877
15879
15880
15881
15882
15883
15884
15885
15886
15887
15888
15889
15890
15891
15892
15893
15894
15895
15896
15897
15898
15902
15903
15905
15906
15907
15908
15909
15910
15911
15912
15913
15914
15915
15917
15918
15921
15922
15924
15925
15926
15927
15928
15929
15930
15931
15933
15934
15935
15936
15937
15938
15939
15940
15941
15942
15944
15945
15946
15947
15948
15952
15954
15955
15956
15957
15958
15959
15960
15961
15963
15964
15965
15967
15969
15970
15971
15972
15973
15975
15976
15977
15978
15979
15981
15986
15987
15990
15991
15992
15993
15995
15996
15997
15998
15999
16000
16001
16002
16003
16005
16006
16007
16008
16009
16010
16011
16012
16013
16015
16016
16017
16018
16019
16021
16022
16024
16026
16027
16028
16029
16030
16031
16032
16033
16034
16036
16037
16038
16041
16042
16043
16046
16048
16050
16054
16055
16056
16057
16058
16059
16060
16062
16065
16067
16069
16070
16071
16072
16074
16075
16076
16077
16078
16080
16083
16084
16085
16087
16088
16089
16090
16091
16092
16093
16094
16095
16096
16098
16099
16100
16101
16103
16104
16105
16106
16107
16109
16110
16120
16121
16123
16124
16125
16126
16128
16129
16132
16133
16134
16135
16137
16138
16139
16140
16141
16142
16143
16144
16145
16146
16147
16148
16149
16150
16151
16152
16153
16154
16155
16157
16158
16159
16160
16161
16164
16165
16166
16167
16168
16169
16170
16171
16172
16173
16174
16175
16176
16177
16179
16181
16182
16185
16186
16187
16188
16189
16190
16192
16193
16194
16195
16196
16197
16198
16199
16200
16203
16206
16207
16209
16210
16211
16213
16214
16215
16216
16217
16219
16220
16269
16271
16272
16273
16274
16276
16277
16278
16279
16280
16284
16286
16287
16288
16289
16292
16304
16305
16307
16308
16309
16310
16311
16312
16314
16315
16316
16318
16319
16320
16322
16323
16324
16326
16327
16328
16331
16332
16334
16335
16336
16337
16338
16342
16343
16344
16345
16346
16347
16348
16349
16350
16351
16352
16353
16354
16355
16356
16357
16358
16359
16361
16362
16364
16365
16367
16370
16371
16372
16373
16375
16376
16377
16378
16379
16380
16382
16383
16385
16386
16387
16388
16389
16390
16391
16392
16393
16394
16395
16396
16397
16398
16399
16400
16401
16402
16403
16404
16405
16449
16452
16453
16454
16455
16456
16457
16460
16461
16463
16464
16465
16466
16468
16469
16470
16471
16472
16473
16474
16475
16477
16478
16479
16481
16482
16483
16484
16485
16486
16490
16491
16492
16493
16494
16495
16497
16498
16499
16500
16501
16502
16503
16504
16509
16510
16511
16512
16513
16514
16515
16518
16519
16521
16523
16524
16525
16526
16527
16528
16529
16530
16534
16535
16537
16538
16539
16540
16541
16543
16544
16549
16550
16551
16552
16553
16555
16556
16559
16561
16562
16563
16567
16568
16569
16570
16572
16574
16575
16576
16577
16578
16579
16580
16584
16585
16586
16587
16589
16591
16592
16593
16594
16595
16596
16598
16600
16601
16602
16605
16606
16607
16637
16642
16667
16668
16669
16670
16671
16673
16674
16676
16677
16679
16681
16682
16683
16684
16686
16687
16689
16691
16696
16697
16698
16699
16700
16701
16702
16703
16704
16705
16706
16707
16709
16710
16711
16712
16713
16714
16715
16716
16717
16718
16719
16720
16721
16722
16724
16725
16726
16727
16729
16731
16732
16733
16734
16735
16736
16737
16738
16740
16741
16742
16743
16745
16746
16749
16751
16752
16753
16755
16756
16757
16758
16760
16761
16762
16763
16764
16765
16766
16767
16768
16769
16770
16771
16772
16773
16774
16775
16776
16777
16778
16781
16782
16783
16784
16785
16788
16791
16792
16793
16794
16795
16796
16797
16798
16799
16800
16801
16802
16803
16806
16807
16808
16810
16811
16812
16813
16815
16816
16818
16822
16825
16826
16827
16828
16829
16830
16831
16832
16833
16834
16835
16836
16837
16838
16839
16842
16843
16844
16845
16850
16851
16852
16853
16854
16855
16856
16858
16859
16860
16861
16862
16863
16865
16866
16867
16868
16869
16870
16871
16873
16875
16876
16878
16879
16882
16883
16884
16886
16887
16888
16889
16893
16894
16896
16897
16899
16900
16901
16902
16904
16905
16906
16907
16908
16909
16910
16911
16912
16913
16914
16916
16917
16920
16921
16922
16923
16924
16925
16928
16929
16930
16931
16932
16933
16936
16937
16938
16939
16940
16942
16945
16946
16947
16948
16949
16950
16951
16952
16953
16956
16957
16958
16959
16961
16962
16963
16964
16965
16966
16967
16968
16970
16973
16974
16977
16978
16979
16982
16983
16984
16987
17000
17001
17003
17006
17015
17034
17046
17051
17054
17088
17089
17090
17091
17093
17095
17096
17098
17099
17100
17102
17103
17104
17112
17114
17115
17116
17117
17118
17120
17123
17124
17125
17126
17127
17128
17129
17133
17135
17136
17138
17140
17141
17143
17144
17148
17149
17150
17151
17153
17154
17155
17156
17157
17158
17163
17164
17166
17167
17170
17172
17173
17174
17175
17176
17177
17178
17179
17180
17181
17182
17184
17185
17187
17191
17194
17195
17196
17198
17202
17204
17205
17207
17208
17211
17213
17214
17216
17217
17218
17220
17227
17230
17233
17234
17235
17237
17238
17239
17240
17241
17244
17245
17246
17247
17249
17251
17252
17253
17254
17256
17258
17259
17262
17266
17267
17268
17269
17271
17272
17275
17276
17281
17282
17283
17284
17285
17286
17287
17288
17289
17293
17294
17295
17297
17298
17302
17307
17309
17314
17315
17316
17319
17322
17323
17324
17325
17326
17327
17345
17360
17390
17392
17393
17411
17412
17413
17414
17415
17416
17417
17419
17420
17421
17422
17423
17424
17426
17427
17430
17431
17432
17434
17435
17436
17438
17439
17442
17444
17445
17446
17449
17450
17451
17453
17454
17455
17456
17457
17458
17459
17462
17463
17464
17465
17466
17468
17469
17473
17474
17476
17478
17479
17480
17481
17482
17483
17484
17486
17487
17489
17490
17492
17493
17494
17495
17496
17497
17498
17500
17501
17502
17503
17507
17508
17509
17510
17511
17513
17514
17515
17516
17517
17519
17520
17521
17523
17526
17527
17529
17530
17531
17535
17536
17537
17538
17539
17540
17541
17542
17544
17545
17547
17548
17554
17555
17556
17559
17561
17562
17564
17567
17569
17570
17571
17572
17574
17576
17577
17579
17580
17583
17584
17587
17588
17589
17590
17591
17592
17596
17597
17598
17599
17600
17601
17602
17605
17606
17607
17608
17610
17611
17612
17613
17614
17615
17617
17618
17619
17622
17639
17641
17642
17643
17644
17645
17646
17650
17651
17653
17654
17655
17661
17662
17663
17664
17665
17666
17667
17668
17669
17670
17671
17672
17673
17674
17675
17676
17677
17678
17679
17680
17681
17682
17683
17684
17685
17686
17687
17688
17689
17690
17691
17744
17745
17746
17747
17748
17749
17750
17751
17752
17753
17754
17755
17756
17757
17758
17759
17760
17761
17762
17763
17764
17765
17766
17767
17768
17769
17770
17771
17772
17773
17774
17775
17776
17777
17778
17779
17780
17781
17782
17783
17784
17785
17786
17787
17788
17789
17790
17791
17792
17793
17794
17795
17796
17797
17798
17799
17800
17801
17802
17803
17804
17849
17850
17851
17852
17853
17854
17855
17856
17857
17858
17859
17860
17861
17862
17863
17864
17865
17866
17867
17868
17869
17870
17871
17872
17873
17874
17875
17876
17877
17878
17879
17880
17881
17882
17883
17884
17885
17886
17887
17888
17889
17890
17891
17892
17893
17894
17895
17896
17897
17898
17899
17900
17901
17902
17903
17904
17905
17906
17907
17908
17909
17910
17911
17912
17913
17914
17915
17916
17917
17918
17919
17920
17921
17922
17923
17924
17925
17926
17927
17928
17929
17930
17931
17932
17933
17934
17935
17936
17937
17938
17939
17940
17941
17942
17943
17944
17945
17946
17947
17948
17949
17950
17951
17952
17953
17954
17955
17956
17957
17958
17959
17960
17961
17962
17963
17964
17965
17966
17967
17968
17969
17970
17971
17972
17973
17974
17975
17976
17977
17978
17979
17980
17981
17982
17983
17984
17985
17986
17987
17988
17989
17990
17991
17992
17993
17994
17995
17996
17997
17998
17999
18000
18001
18002
18003
18004
18005
18006
18007
18008
18009
18010
18015
18016
18017
18018
18019
18020
18021
18022
18023
18024
18025
18036
18037
18038
18039
18040
18041
18042
18043
18044
18045
18046
18047
18048
18049
18050
18051
18052
18053
18054
18055
18056
18057
18058
18059
18060
18061
18062
18063
18064
18065
18066
18067
18068
18069
18070
18071
18072
18073
18074
18075
18076
18077
18078
18079
18080
18081
18082
18083
18084
18085
18086
18087
18088
18089
18090
18091
18092
18093
18094
18095
18096
18097
18098
18099
18100
18101
18102
18103
18104
18105
18106
18107
18108
18109
18110
18111
18112
18113
18114
18115
18116
18117
18118
18119
18120
18121
18122
18123
18124
18125
18126
18127
18128
18129
18130
18131
18132
18133
18134
18135
18136
18137
18138
18139
18140
18141
18142
18143
18144
18145
18146
18147
18148
18149
18150
18151
18152
18153
18154
18155
18156
18157
18158
18159
18160
18161
18162
18163
18164
18165
18166
18167
18168
18169
18170
18171
18172
18173
18174
18175
18176
18177
18178
18179
18180
18181
18182
18183
18184
18185
18186
18187
18188
18189
18190
18191
18192
18193
18194
18195
18196
18197
18198
18199
18200
18201
18202
18203
18204
18205
18206
18207
18208
18209
18210
18211
18212
18213
18214
18215
18216
18217
18218
18219
18220
18221
18222
18223
18224
18225
18226
18227
18228
18229
18230
18231
18232
18233
18234
18235
18236
18237
18238
18239
18240
18241
18242
18243
18244
18245
18246
18247
18248
18249
18250
18251
18252
18253
18254
18255
18256
18257
18258
18259
18260
18261
18262
18263
18264
18265
18266
18267
18268
18269
18270
18271
18272
18273
18274
18275
18276
18277
18278
18279
18280
18281
18282
18283
18284
18285
18286
18287
18288
18289
18290
18291
18292
18293
18294
18295
18296
18297
18298
18299
18300
18301
18302
18303
18304
18305
18306
18307
18308
18309
18310
18311
18312
18313
18314
18315
18316
18317
18318
18319
18320
18321
18322
18323
18324
18325
18326
18327
18328
18329
18330
18331
18332
18333
18334
18335
18336
18337
18338
18339
18340
18341
18342
18343
18344
18345
18346
18347
18348
18349
18350
18351
18352
18353
18354
18355
18356
18357
18358
18359
18360
18361
18362
18363
18364
18365
18366
18367
18368
18369
18370
18371
18372
18373
18374
18375
18376
18377
18378
18379
18380
18381
18382
18383
18384
18385
18386
18387
18388
18389
18390
18391
18392
18393
18394
18395
18396
18397
18398
18399
18400
18401
18402
18403
18404
18405
18406
18407
18408
18409
18410
18411
18412
18413
18414
18415
18416
18417
18418
18419
18420
18421
18422
18423
18424
18425
18426
18427
18428
18429
18430
18431
18432
18433
18434
18435
18436
18437
18438
18439
18440
18441
18442
18443
18444
18445
18446
18447
18448
18449
18450
18451
18452
18453
18454
18455
18456
18457
18458
18459
18460
18461
18462
18463
18464
18465
18466
18467
18468
18469
18470
18471
18472
18473
18474
18475
18476
18477
18478
18479
18480
18481
18482
18483
18484
18485
18486
18487
18488
18489
18490
18491
18492
18493
18494
18495
18496
18497
18498
18499
18500
18501
18502
18503
18504
18507
18508
18510
18511
18512
18513
18514
18515
18516
18517
18518
18519
18520
18521
18522
18523
18524
18525
18526
18527
18528
18529
18530
18531
18532
18533
18534
18535
18536
18537
18538
18539
18540
18541
18542
18543
18544
18545
18546
18547
18548
18549
18550
18551
18552
18553
18554
18555
18556
18557
18558
18559
18560
18561
18562
18563
18564
18565
18566
18567
18568
18569
18570
18571
18572
18573
18574
18575
18576
18577
18578
18579
18580
18581
18582
18583
18584
18585
18586
18587
18588
18589
18590
18591
18592
18593
18594
18595
18596
18597
18598
18599
18600
18601
18602
18603
18604
18605
18606
18607
18608
18609
18610
18611
18612
18613
18614
18615
18616
18617
18618
18619
18620
18621
18622
18623
18624
18625
18626
18627
18628
18629
18630
18631
18632
18633
18634
18635
18636
18637
18638
18639
18640
18641
18642
18643
18644
18645
18646
18647
18648
18649
18650
18651
18652
18653
18654
18655
18656
18657
18658
18659
18660
18661
18662
18663
18664
18665
18666
18667
18668
18669
18670
18671
18672
18673
18674
18675
18676
18677
18678
18679
18680
18681
18682
18683
18684
18685
18686
18687
18688
18689
18690
18691
18692
18693
18694
18695
18696
18697
18698
18699
18700
18701
18702
18703
18704
18705
18706
18707
18708
18709
